IMG_7.jpg: 51.3770703125
IMG_11.jpg: 155.15625
IMG_11.jpg: 1182.02425
IMG_12.jpg: 542.4225625
IMG_7.jpg: 51.3770703125
IMG_7.jpg: 51.3770703125
IMG_7.jpg: 51.3770703125
IMG_7.jpg: 51.3770703125
IMG_13.jpg: 412.74025
